$ 1 0.000005 10.20027730826997 50 5 50 5e-11
196 448 304 560 304 2 4
L 448 304 384 304 2 0 false 5 0
L 448 336 384 336 2 0 false 5 0
L 448 368 384 368 2 0 false 5 0
L 448 400 384 400 2 0 false 5 0
L 448 432 384 432 2 0 false 5 0
L 448 464 384 464 2 0 false 5 0
L 448 496 384 496 2 0 false 5 0
L 448 528 384 528 2 0 false 5 0
L 448 560 384 560 2 0 false 5 0
M 544 304 608 304 2 2.5
M 544 368 608 368 2 2.5
M 544 400 608 400 2 2.5
M 544 432 608 432 2 2.5
M 544 464 608 464 2 2.5
x 415 240 577 243 4 24 4-bit\sFull\sAdder
