$ 1 0.000005 10.20027730826997 50 5 50 5e-11
157 688 320 896 320 0 7 1 0
r 688 320 576 320 0 220
r 688 352 576 352 0 220
r 944 384 880 384 0 220
r 688 384 576 384 0 220
r 688 416 576 416 0 220
r 880 320 944 320 0 220
r 944 352 880 352 0 220
L 576 320 528 320 0 0 false 5 0
L 576 352 528 352 0 0 false 5 0
L 576 384 528 384 0 0 false 5 0
L 576 416 528 416 0 0 false 5 0
x 719 292 837 295 4 16 8-Segment_LED
L 944 320 992 320 0 0 false 5 0
L 944 352 992 352 0 0 false 5 0
L 944 384 992 384 0 0 false 5 0
r 880 416 944 416 0 220
L 944 416 992 416 0 0 false 5 0
