$ 1 0.000005 10.20027730826997 50 5 50 5e-11
151 256 272 368 272 0 2 0 5
151 256 144 368 144 0 2 0 5
w 368 144 368 176 0
w 368 176 256 240 0
w 368 272 368 240 0
w 368 240 256 176 0
w 256 176 256 160 0
w 256 240 256 256 0
M 368 144 448 144 0 2.5
M 368 272 448 272 0 2.5
151 128 128 256 128 0 2 0 5
151 128 288 256 288 0 2 0 5
w 128 304 96 304 0
w 96 304 96 144 0
w 96 144 128 144 0
L 0 112 -64 112 0 0 false 5 0
w 0 112 128 112 0
I 0 144 0 272 0 0.5 5
w 0 272 128 272 0
w 0 144 0 112 0
x -49 295 -14 298 4 18 CLK
L 0 304 -64 304 0 0 true 5 0
w 0 304 96 304 0
x 394 137 408 140 4 18 Q
x 397 262 411 265 6 18 Q
x -47 106 -35 109 4 18 D
