$ 1 0.000005 10.20027730826997 50 5 50 5e-11
150 -192 176 32 176 0 2 0 5
L -192 160 -240 160 0 0 false 5 0
L -192 192 -240 192 0 0 false 5 0
M 32 176 80 176 0 2.5
152 -176 336 32 336 0 2 0 5
L -176 320 -240 320 0 0 false 5 0
L -176 352 -240 352 0 0 false 5 0
M 32 336 80 336 0 2.5
I -176 496 32 496 0 0.5 5
L -176 496 -240 496 0 0 false 5 0
M 32 496 80 496 0 2.5
x -134 115 -25 118 4 24 AND\sGate
x -122 274 -28 277 4 24 OR\sGate
x -111 448 -30 451 4 24 Inverter
M 416 336 464 336 0 2.5
L 208 352 144 352 0 0 false 5 0
L 208 320 144 320 0 0 false 5 0
152 208 336 336 336 0 2 0 5
M 416 176 464 176 0 2.5
L 192 192 144 192 0 0 false 5 0
L 192 160 144 160 0 0 false 5 0
150 192 176 320 176 0 2 0 5
I 320 176 416 176 0 0.5 5
I 336 336 416 336 0 0.5 5
151 576 176 704 176 0 2 5 5
153 576 336 736 336 0 2 0 5
L 576 160 544 160 0 0 false 5 0
L 576 192 544 192 0 0 false 5 0
M 752 176 800 176 0 2.5
L 576 320 544 320 0 1 false 5 0
L 576 352 544 352 0 1 false 5 0
M 768 336 800 336 0 2.5
x 573 116 699 119 4 24 NAND\sGate
x 599 274 711 277 4 24 NOR\sGate
x -138 154 -126 157 4 18 A
x -139 182 -127 185 4 18 B
x -45 169 28 172 4 18 C\s\q\sA\s•\sB
x -38 328 40 331 4 18 C\s\q\sA\s\p\sB
x -131 342 -119 345 4 18 B
x -130 314 -118 317 4 18 A
x -112 486 -100 489 4 18 A
x -43 487 -31 490 6 18 A
x 204 183 216 186 4 18 B
x 205 155 217 158 4 18 A
x 218 314 230 317 4 18 A
x 217 342 229 345 4 18 B
x 593 154 605 157 4 18 A
x 592 182 604 185 4 18 B
x 605 315 617 318 4 18 A
x 604 343 616 346 4 18 B
x 725 167 765 170 6 18 A\s•\sB
w 704 176 752 176 0
x 692 168 725 171 4 18 C\s\q\s
w 736 336 768 336 0
x 699 329 732 332 4 18 C\s\q\s
x 732 328 776 331 6 18 A\s\p\sB
x 401 325 445 328 6 18 A\s˅\sB
x 305 325 349 328 4 18 A\s˅\sB
x 397 169 441 172 6 18 A\s˄\sB
x 298 169 342 172 4 18 A\s˄\sB
154 224 512 336 512 0 2 5 5
L 224 496 160 496 0 1 false 5 0
L 224 528 160 528 0 0 false 5 0
M 336 512 384 512 0 2.5
x 222 517 234 520 4 18 B
x 223 489 235 492 4 18 A
x 319 502 367 505 4 18 A\sO\sB
x 213 451 323 454 4 24 XOR\sGate
x 336 503 350 506 4 24 \p
