$ 1 0.000005 10.20027730826997 50 5 50 5e-11
150 -192 176 32 176 0 2 0 5
L -192 160 -240 160 0 0 false 5 0
L -192 192 -240 192 0 0 false 5 0
M 32 176 80 176 0 2.5
152 -176 336 32 336 0 2 0 5
L -176 320 -240 320 0 0 false 5 0
L -176 352 -240 352 0 0 false 5 0
M 32 336 80 336 0 2.5
I -176 496 32 496 0 0.5 5
L -176 496 -240 496 0 0 false 5 0
M 32 496 80 496 0 2.5
x -134 115 -25 118 4 24 AND\sGate
x -122 274 -28 277 4 24 OR\sGate
x -111 448 -30 451 4 24 Inverter
M 416 336 464 336 0 2.5
L 208 352 144 352 0 0 false 5 0
L 208 320 144 320 0 0 false 5 0
152 208 336 336 336 0 2 0 5
M 416 176 464 176 0 2.5
L 192 192 144 192 0 0 false 5 0
L 192 160 144 160 0 0 false 5 0
150 192 176 320 176 0 2 0 5
I 320 176 416 176 0 0.5 5
I 336 336 416 336 0 0.5 5
151 576 176 704 176 0 2 5 5
153 576 336 736 336 0 2 5 5
L 576 160 544 160 0 0 false 5 0
L 576 192 544 192 0 0 false 5 0
M 704 176 752 176 0 2.5
L 576 320 544 320 0 0 false 5 0
L 576 352 544 352 0 0 false 5 0
M 736 336 768 336 0 2.5
x 573 116 699 119 4 24 NAND\sGate
x 599 274 711 277 4 24 NOR\sGate
