$ 1 0.000005 1.500424758475255 50 5 50 5e-11
151 256 160 368 160 0 2 0 5
151 256 288 368 288 0 2 0 5
w 368 160 368 192 0
w 368 192 256 256 0
w 368 288 368 256 0
w 368 256 256 192 0
w 256 192 256 176 0
w 256 256 256 272 0
M 400 160 448 160 0 2.5
M 384 288 448 288 0 2.5
x 438 138 456 141 4 24 Q
x 438 266 456 269 6 24 Q
151 128 144 256 144 0 3 0 5
151 128 304 256 304 0 3 0 5
w 128 288 128 240 0
w 128 240 128 160 0
L 128 240 32 240 0 0 false 5 0
x -27 243 8 246 4 18 CLK
L 128 144 64 144 0 0 false 5 0
L 128 304 64 304 0 1 false 5 0
x 37 149 47 152 4 20 J
x 30 308 43 311 4 20 K
w 384 288 384 64 0
w 384 64 96 64 0
w 96 64 96 128 0
w 96 128 128 128 0
w 384 288 368 288 0
w 400 160 400 368 0
w 400 368 128 368 0
w 128 368 128 320 0
w 400 160 368 160 0
