$ 1 0.000005 10.20027730826997 50 5 50 5e-11
t 352 416 432 416 0 1 -4.999999998597488 -0.0008751667076084055 100 default
r 352 416 256 416 0 275
L 256 416 192 416 0 0 false 5 0
w 432 400 432 336 0
R 432 336 432 256 0 0 40 5 0 0 0.5
r 432 432 432 560 0 10
162 352 560 352 640 2 default-led 1 1 1 0.03
162 384 560 384 640 2 default-led 1 1 1 0.03
162 416 560 416 640 2 default-led 1 1 1 0.03
162 448 560 448 640 2 default-led 1 1 1 0.03
162 480 560 480 640 2 default-led 1 1 1 0.03
162 512 560 512 640 2 default-led 1 1 1 0.03
w 352 640 384 640 0
w 384 640 416 640 0
w 448 640 480 640 0
w 480 640 512 640 0
w 416 640 432 640 0
w 448 640 432 640 0
g 432 640 432 672 0 0
w 352 560 384 560 0
w 384 560 416 560 0
w 448 560 480 560 0
w 480 560 512 560 0
w 416 560 432 560 0
w 448 560 432 560 0
