$ 1 0.001 6.450009306485578 69 7 50 5e-11
w 128 192 128 224 0
c 128 224 128 288 0 0.000009999999999999999 3.018026587155206 0.001
g 128 288 128 304 0 0
R 208 64 176 64 0 0 40 5 0 0 0.5
O 352 160 416 160 0 0
165 176 96 192 96 6 4.999980180464067
w 240 64 304 64 0
w 304 64 304 128 0
w 352 160 304 160 0
w 352 160 352 32 0
r 352 32 128 32 0 100000
w 128 32 128 192 0
g 272 256 272 272 0 0
w 176 224 128 224 0
w 176 192 176 224 0
w 208 64 240 64 0
o 1 32 0 4099 10 0.00009765625 0 2 1 3
o 4 16 0 4106 5 0.00009765625 1 1
