$ 1 0.000005 10.634267539816555 50 5 50 5e-11
a 256 240 384 240 8 5 0 1000000 4.545450413185574 3.9849999999999994 100000
174 160 192 160 320 1 10000 0.203 Ref V
g 160 336 160 384 0 0
w 256 256 176 256 0
374 256 288 256 336 0 0.0001 Light\sBrightness
w 256 336 160 336 0
w 160 320 160 336 0
w 256 224 256 288 0
r 256 224 256 144 0 10000
w 160 192 160 144 0
w 160 144 256 144 0
162 384 192 384 240 2 default-led 1 0 0 0.01
r 384 192 384 144 0 220
w 384 144 256 144 0
R 256 144 256 80 0 0 40 5 0 0 0.5
