$ 1 0.000005 1.3241202019156522 50 5 50 5e-11
400 736 368 784 368 1 0\s1\s0.6281367683606109\s0.64825272958252\s100\sdefault 0\s1\s-0.020115961221909062\s0.7519283379772281\s100\sdefault 1
g 784 384 784 480 0 0
r 736 368 608 368 0 1000
L 608 368 544 368 0 1 false 5 0
r 784 240 784 128 0 10
R 784 128 784 96 0 0 40 5 0 0 0.5
x 709 415 773 418 4 18 TIP-120
181 880 240 880 352 0 300.00000000000057 3 5 0.00009999999999999999 0.00009999999999999999
415 992 240 992 352 0 0.5 1 0.15 0.15 0.02 0.05 1 0
w 784 240 784 352 0
