$ 1 0.000005 1.3241202019156522 63 5 50 5e-11
v 480 464 480 240 0 0 40 5 0 0 0.5
t 640 352 736 352 0 1 -4.761903759488191 0.2380952356717817 100 default
r 640 352 640 240 0 10000
r 736 336 736 240 0 1000
w 640 240 736 240 0
w 736 368 736 464 0
x 431 359 454 362 4 22 5v
v 944 464 944 240 0 0 40 5 0 0 0.5
t 1072 352 1152 352 0 -1 4.761903759488191 -0.23809523567178115 100 default
r 1072 464 1072 352 0 10000
r 1152 368 1152 464 0 1000
w 944 240 1072 240 0
w 1152 336 1152 240 0
w 1152 240 1072 240 0
x 895 360 918 363 4 22 5v
w 1072 464 944 464 0
w 1072 464 1152 464 0
w 480 240 640 240 0
r 640 352 640 464 0 500
w 640 464 480 464 0
w 736 464 640 464 0
r 1072 352 1072 240 0 500
