$ 1 0.000005 10.20027730826997 50 5 50 5e-11
v 304 560 304 240 0 0 40 5 0 0 0.5
r 432 400 432 560 0 10000
174 384 240 384 352 1 2000 0.9257000000000001 LDR
t 432 304 544 304 0 -1 0.7432353119017323 -0.6504875745775731 100 default
r 544 320 544 448 0 220
162 544 448 544 560 2 default-led 0 0 1 0.02
w 304 240 384 240 0
w 304 560 432 560 0
w 432 400 432 304 0
w 432 304 400 304 0
w 544 288 544 240 0
w 544 240 384 240 0
w 544 560 432 560 0
x 254 407 277 410 4 22 5v
v 688 560 688 240 0 0 40 5 0 0 0.5
t 816 480 896 480 0 1 -0.9688260720393532 0.6473411436062203 100 default
r 896 464 896 368 0 220
162 896 240 896 368 2 default-led 0 0 1 0.01
r 816 480 816 240 0 10000
174 768 464 768 544 1 2000 0.10400000000000001 LDR2
w 688 240 816 240 0
w 816 240 896 240 0
w 784 512 816 512 0
w 816 512 816 480 0
w 688 560 768 560 0
w 768 560 896 560 0
w 896 560 896 496 0
x 640 406 663 409 4 22 5v
