$ 1 0.000005 10.20027730826997 50 5 50 5e-11
155 448 208 496 208 0 0
155 560 208 608 208 0 0
w 544 208 560 208 0
155 672 208 720 208 0 0
155 784 208 832 208 0 0
w 368 336 448 336 0
w 448 336 448 240 0
w 560 336 560 240 0
L 240 192 240 400 0 0 false 5 0
w 240 192 272 192 0
x 218 428 266 431 4 16 INPUT
x 678 96 751 99 4 18 OUTPUT
w 656 208 672 208 0
w 448 336 560 336 0
w 560 336 672 336 0
w 672 336 672 240 0
w 768 208 784 208 0
w 784 240 784 336 0
w 784 336 672 336 0
M 544 208 544 144 0 2.5
M 656 208 656 144 0 2.5
M 768 208 768 144 0 2.5
M 880 208 880 144 0 2.5
L 368 336 320 336 0 0 true 5 0
x 341 327 376 330 4 18 CLK
152 272 176 384 176 0 2 0 5
w 880 208 928 208 0
w 928 208 928 112 0
w 928 112 272 112 0
w 272 112 272 160 0
w 384 176 384 208 0
w 448 208 384 208 0
