$ 1 0.000005 10.20027730826997 50 5 50 5e-11
151 256 272 368 272 0 2 5 5
151 256 144 368 144 0 2 0 5
w 368 144 368 176 0
w 368 176 256 240 0
w 368 272 368 240 0
w 368 240 256 176 0
w 256 176 256 160 0
w 256 240 256 256 0
M 368 144 448 144 0 2.5
M 368 272 448 272 0 2.5
x 394 137 408 140 4 18 Q
x 397 262 411 265 6 18 Q
x 302 153 316 156 4 22 X
x 304 280 318 283 4 22 Y
L 256 128 128 128 0 1 false 5 0
L 256 288 128 288 0 1 false 5 0
x 60 137 93 140 6 22 Set
x 47 296 104 299 6 22 Reset
x 155 55 404 58 4 24 Set\s-\sReset\s(S-R)\sLatch
