$ 1 0.000005 10.20027730826997 61 5 50
t 816 304 768 304 0 1 -4.999999999 5.999999777444388e-11 100
t 640 304 688 304 0 1 -4.999999999 5.999999777444388e-11 100
w 768 240 720 240 0
w 768 240 768 288 0
w 720 240 688 240 0
w 688 240 688 288 0
r 720 496 720 400 0 4700
w 720 368 768 368 0
w 768 368 768 320 0
w 720 368 688 368 0
w 688 368 688 320 0
g 720 496 720 512 0 0
w 720 400 720 368 0
w 720 400 832 400 0
r 816 304 880 304 0 10000
r 640 304 576 304 0 10000
L 576 304 544 304 0 0 false 5 0
L 880 304 928 304 0 0 false 5 0
M 832 400 864 400 0 2.5
R 720 240 720 176 0 0 40 5 0 0 0.5
